0.0011|003.65067|+20.20669|  9|J00146+202   |chi Peg                |        |00 14 36.16|+20 12 24.10| 1.76|2012-01-11|1|   1.0| |    |chi Peg
0.0571|004.59404|+44.02283| 13|J00183+440   |GX And                 |15 A    |00 18 22.57|+44 01 22.20| 5.25|2011-11-11|1|  40.0| |    |GX And
0.5859|004.59404|+44.02283| 13|J00183+440   |GX And                 |15 A    |00 18 22.57|+44 01 22.20| 5.25|2011-11-11|1|  40.0| |    |GX And
0.0003|009.19350|+44.48858| 23|J00367+444   |V428 And               |        |00 36 46.44|+44 29 18.90| 2.26|2012-01-11|1|   4.0| |    |V428 And
0.0044|012.27167|+57.81772| 33|J00490+578   |eta Cas B              |34 B    |00 49 05.20|+57 49 03.80| 7.17|2012-08-04|1|  25.0| |    |eta Cas B
0.0006|012.56850|+60.13217| 34|J00502+601   |HD 236547              |        |00 50 16.44|+60 07 55.80| 5.50|2012-01-11|1|  40.0| |    |HD 236547
0.0106|015.66233|+62.34506| 43|J01026+623   |BD+61 195              |49 A    |01 02 38.96|+62 20 42.20| 6.23|2012-09-02|1|  80.0| |    |BD+61 195
0.0000|015.83217|+62.36547| 47|J01033+623   |V388 Cas               |51 B    |01 03 19.72|+62 21 55.70| 8.61|2012-02-10|1| 700.0| |    |V388 Cas
0.0611|024.75500|-17.95075| 58|J01390-179AB |BL Cet + UV Cet        |65 AB   |01 39 01.20|-17 57 02.70| 6.28|2011-11-11|1| 900.0| |    |CCDM J01388-1758AB
0.0611|024.75500|-17.95075| 58|J01390-179AB |BL Cet + UV Cet        |65 AB   |01 39 01.20|-17 57 02.70| 6.28|2011-11-11|1| 900.0| |    |CCDM J01388-1758AB
0.0811|030.05329|+13.05311| 67|J02002+130   |TZ Ari                 |83.1    |02 00 12.79|+13 03 11.20| 7.51|2011-11-11|1| 500.0| |    |TZ Ari
0.0003|030.56754|+10.33714| 69|J02022+103   |LP 469-067             |3128    |02 02 16.21|+10 20 13.70| 9.84|2012-08-03|1|1200.0| |    |LP 469-067
0.0010|039.06400| +6.87197| 78|J02362+068   |BX Cet                 |105 B   |02 36 15.36|+06 52 19.10| 7.33|2011-11-12|1| 300.0| |    |BX Cet
0.0010|063.84054| -7.65483|138|J04153-076   |o^02^Eri C             |166 C   |04 15 21.73|-07 39 17.40| 6.75|2012-02-09|1| 200.0| |    |* omi02 Eri C
0.0405|082.86396| -3.67658|206|J05314-036   |HD 36395               |205     |05 31 27.35|-03 40 35.70| 5.00|2011-12-14|1| 300.0| |    |HD 36395
0.0932|085.53742|+12.49036|214|J05421+124   |V1352 Ori              |213     |05 42 08.98|+12 29 25.30| 7.12|2012-01-11|1| 300.0| |    |V1352 Ori
0.0007|090.62158|+49.86561|231|J06024+498   |G 192-015              |3380    |06 02 29.18|+49 51 56.20| 9.35|2012-03-06|1| 800.0| |    |G 192-015
0.0011|096.17217|+23.43294|246|J06246+234   |Ross 64                |232     |06 24 41.32|+23 25 58.60| 8.66|2012-09-24|1| 650.0| |    |Ross 64
0.0030|103.07517| -5.19003|265|J06523-051SAB|HD 50281 B             |250 B   |06 52 18.04|-05 11 24.10| 6.58|2011-11-14|1| 200.0| |    |HD 50281 B
0.9800|103.07521| -5.17372|266|J06523-051N  |HD 50281 A             |250 A   |06 52 18.05|-05 10 25.40| 5.01|2011-11-14|1| 200.0| |    |HD 50281
0.0165|103.70429|+33.26831|267|J06548+332   |HDE 265866             |251     |06 54 49.03|+33 16 05.90| 6.10|2012-03-06|1|  60.0| |    |HDE 265866
0.0012|109.88033|+32.83008|280|J07195+328   |BD+33 1505             |270     |07 19 31.28|+32 49 48.30| 7.18|2012-03-03|1| 150.0| |    |BD+33 1505
0.0011|111.85208| +5.22581|282|J07274+052   |Luyten's star          |273     |07 27 24.50|+05 13 32.90| 5.71|2011-11-12|1| 180.0| |    |Luyten's star
0.0012|124.03325| +1.30256|312|J08161+013   |GJ 2066                |2066    |08 16 07.98|+01 18 09.20| 6.63|2012-03-03|1| 100.0| |    |GJ 2066
0.0388|127.45625|+26.77633|315|J08298+267   |DX Cnc                 |1111    |08 29 49.50|+26 46 34.80| 8.24|2011-11-14|1|1200.0| |    |DX Cnc
0.0314|138.59575|+52.68681|338|J09143+526   |HD 79210               |338 A   |09 14 22.98|+52 41 12.50| 4.89|2012-02-10|1|  30.0| |    |HD 79210
0.3135|138.60358|+52.68661|339|J09144+526   |HD 79211               |338 B   |09 14 24.86|+52 41 11.80| 4.78|2012-02-10|1|  30.0| |    |HD 79211
0.0275|138.60358|+52.68661|339|J09144+526   |HD 79211               |338 B   |09 14 24.86|+52 41 11.80| 4.78|2012-02-10|1|  30.0| |    |HD 79211
0.2611|138.59575|+52.68681|338|J09143+526   |HD 79210               |338 A   |09 14 22.98|+52 41 12.50| 4.89|2012-02-10|1|  30.0| |    |HD 79210
0.0129|153.01942| -2.68458|367|J10120-026AB |LP 609-71              |381 AB  |10 12 04.66|-02 41 04.50| 7.02|2011-11-14|1| 300.0| |    |LP 609-71
0.0009|162.05242|-11.33561|381|J10482-113   |LP 731-058             |3622    |10 48 12.58|-11 20 08.20| 8.86|2012-03-06|2| 900.0| |    |LP 731-058
0.0054|162.71671| +6.80814|382|J10508+068   |EE Leo                 |402     |10 50 52.01|+06 48 29.30| 7.32|2012-03-06|1| 200.0| |    |EE Leo
0.0013|164.12025| +7.01467|386|J10564+070   |CN Leo                 |406     |10 56 28.86|+07 00 52.80| 7.09|2012-01-02|1| 600.0| |    |CN Leo
0.0101|165.83433|+35.96994|390|J11033+359   |HD 95735               |411     |11 03 20.24|+35 58 11.80| 4.20|2011-03-18|1|  10.0| |    |HD 95735
0.0827|166.37096|+43.52658|392|J11054+435   |BD+44 2051A            |412 A   |11 05 29.03|+43 31 35.70| 5.54|2012-02-11|1|  50.0| |    |BD+44 2051
0.5935|166.38054|+43.52142|393|J11055+435   |BD+44 2051B (WX UMa)   |412 B   |11 05 31.33|+43 31 17.10| 8.74|2012-03-03|1| 900.0| |    |BD+44 2051B
0.0009|166.38054|+43.52142|393|J11055+435   |BD+44 2051B (WX UMa)   |412 B   |11 05 31.33|+43 31 17.10| 8.74|2012-03-03|1| 900.0| |    |BD+44 2051B
0.5203|166.37096|+43.52658|392|J11054+435   |BD+44 2051A            |412 A   |11 05 29.03|+43 31 35.70| 5.54|2012-02-11|1|  50.0| |    |BD+44 2051
0.0004|172.80454|+63.15753|404|J11312+631   |BD+63 695              |430     |11 31 13.09|+63 09 27.10| 7.40|2012-03-06|1|  60.0| |    |BD+63 695
0.1667|175.54396|+26.70847|407|J11421+267   |Ross 905               |436     |11 42 10.55|+26 42 30.50| 6.90|2011-11-14|1| 200.0| |    |Ross 905
0.0011|177.78058|+35.27200|413|J11511+352   |BD+36 2219             |450     |11 51 07.34|+35 16 19.20| 6.42|2012-02-11|1|  60.0| |    |BD+36 2219
0.0007|191.40412|+27.12897|432|J12456+271   |HD 110964              |        |12 45 36.99|+27 07 44.30| 5.09|2012-03-06|1|  30.0| |    |HD 110964
0.0033|223.62179|+16.10111|491|J14544+161ABC|CE Boo                 |569     |14 54 29.23|+16 06 04.00| 6.63|2012-03-06|1|  90.0| |    |CE Boo
0.0053|246.35246|+54.30414|533|J16254+543   |GJ 625                 |625     |16 25 24.59|+54 18 14.90| 6.61|2012-09-02|1| 120.0| |    |GJ 625
0.0008|253.89704| -8.39447|547|J16555-083   |V1054 Oph D (vB 8)     |644 C   |16 55 35.29|-08 23 40.10| 9.78|2012-08-02|2|1200.0|1| 900|vB 8
0.0008|259.97075|+26.50072|559|J17198+265   |V639 Her               |669 B   |17 19 52.98|+26 30 02.60| 8.23|2012-08-06|1| 800.0| |    |V639 Her
0.2726|259.97583|+26.50086|560|J17199+265   |V647 Her               |669 A   |17 19 54.20|+26 30 03.10| 7.27|2012-08-06|1| 600.0| |    |V647 Her
0.0009|259.97583|+26.50086|560|J17199+265   |V647 Her               |669 A   |17 19 54.20|+26 30 03.10| 7.27|2012-08-06|1| 600.0| |    |V647 Her
0.2740|259.97075|+26.50072|559|J17198+265   |V639 Her               |669 B   |17 19 52.98|+26 30 02.60| 8.23|2012-08-06|1| 800.0| |    |V639 Her
0.0185|264.10808|+68.33944|572|J17364+683   |BD+68 946              |687     |17 36 25.94|+68 20 22.00| 5.34|2011-11-11|1|  60.0| |    |BD+68 946
0.0009|266.60450|+27.71706|576|J17464+277AB |mu Her BC              |695 BC  |17 46 25.08|+27 43 01.40| 5.77|2012-09-23|1| 180.0| |    |GJ 695 B
0.0716|269.45204| +4.69458|580|J17578+046   |Barnard's star         |699     |17 57 48.49|+04 41 40.50| 5.24|2012-08-04|1|  80.0| |    |Barnard's star
0.0007|275.61329|+62.05069|600|J18224+620   |LP 103-305             |1227    |18 22 27.19|+62 03 02.50| 8.64|2011-03-18|1| 700.0| |    |LP 103-305
0.0152|278.82637|+45.74386|605|J18353+457   |BD+45 2743             |720 A   |18 35 18.33|+45 44 37.90| 6.88|2011-11-11|1|  90.0| |    |BD+45 2743
1.8538|278.86346|+45.76119|606|J18354+457   |BD+45 2743B (vB 9)     |720 B   |18 35 27.23|+45 45 40.30| 8.89|2011-11-11|1| 500.0| |    |BD+45 2743B
0.0075|280.69442|+59.63053|610|J18427+596N  |HD 173739              |725 A   |18 42 46.66|+59 37 49.90| 5.19|2011-11-12|1| 180.0| |    |HD 173739
0.2028|280.69533|+59.62706|611|J18427+596S  |HD 173740              |725 B   |18 42 46.88|+59 37 37.40| 5.72|2011-11-12|1| 180.0| |    |HD 173740
0.0207|280.69533|+59.62706|611|J18427+596S  |HD 173740              |725 B   |18 42 46.88|+59 37 37.40| 5.72|2011-11-12|1| 180.0| |    |HD 173740
0.2292|280.69442|+59.63053|610|J18427+596N  |HD 173739              |725 A   |18 42 46.66|+59 37 49.90| 5.19|2011-11-12|1| 180.0| |    |HD 173739
0.0029|286.77317|+20.88800|622|J19070+208   |HD 349726              |745 A   |19 07 05.56|+20 53 16.80| 7.30|2012-09-02|1| 150.0| |    |HD 349726
1.9031|286.77317|+20.88800|622|J19070+208   |HD 349726              |745 A   |19 07 05.56|+20 53 16.80| 7.30|2012-09-02|1| 150.0| |    |HD 349726
0.0092|289.23025| +5.16906|627|J19169+051N  |V1428 Aql              |752 A   |19 16 55.26|+05 10 08.60| 5.58|2012-08-05|1|  70.0| |    |V1428 Aql
1.2453|289.24008| +5.15061|628|J19169+051S  |V1298 Aql (vB 10)      |752 B   |19 16 57.62|+05 09 02.20| 9.91|2012-08-03|3|1200.0|1| 900|V1298 Aql
0.0006|289.24008| +5.15061|628|J19169+051S  |V1298 Aql (vB 10)      |752 B   |19 16 57.62|+05 09 02.20| 9.91|2012-08-03|3|1200.0|1| 900|V1298 Aql
1.2535|289.23025| +5.16906|627|J19169+051N  |V1428 Aql              |752 A   |19 16 55.26|+05 10 08.60| 5.58|2012-08-05|1|  70.0| |    |V1428 Aql
0.0009|293.66600| +4.58250|636|J19346+045   |HD 184489              |763     |19 34 39.84|+04 34 57.00| 6.71|2011-11-11|1|  60.0| |    |HD 184489
0.0009|298.47679|+44.41506|645|J19539+444WAB|V1581 Cyg              |1245 AB |19 53 54.43|+44 24 54.20| 7.79|2012-08-02|1| 800.0| |    |V1581 Cyg
0.1184|298.47954|+44.41528|646|J19539+444E  |G 208-045              |1245 C  |19 53 55.09|+44 24 55.00| 8.28|2012-08-02|1|1000.0| |    |G 208-045
0.0005|298.47954|+44.41528|646|J19539+444E  |G 208-045              |1245 C  |19 53 55.09|+44 24 55.00| 8.28|2012-08-02|1|1000.0| |    |G 208-045
0.1185|298.47679|+44.41506|645|J19539+444WAB|V1581 Cyg              |1245 AB |19 53 54.43|+44 24 54.20| 7.79|2012-08-02|1| 800.0| |    |V1581 Cyg
0.0002|302.71842|+77.23897|658|J20108+772   |HD 193202              |786     |20 10 52.42|+77 14 20.30| 6.41|2012-08-04|1| 120.0| |    |HD 193202
0.0000|310.14017|+15.49922|670|J20405+154   |G 144-25               |1256    |20 40 33.64|+15 29 57.20| 8.64|2012-08-31|1|1000.0|1| 800|G 144-25
0.1330|316.72258|+38.74806|685|J21068+387   |61 Cyg A               |820 A   |21 06 53.42|+38 44 53.00| 3.11|2011-11-11|1|   4.0| |    |61 Cyg A
0.5445|316.72808|+38.74073|686|J21069+387   |61 Cyg B               |820 B   |21 06 54.74|+38 44 26.64| 3.55|2011-11-11|1|  10.0| |    |61 Cyg B
0.1294|316.72808|+38.74073|686|J21069+387   |61 Cyg B               |820 B   |21 06 54.74|+38 44 26.64| 3.55|2011-11-11|1|  10.0| |    |61 Cyg B
0.5088|316.72258|+38.74806|685|J21068+387   |61 Cyg A               |820 A   |21 06 53.42|+38 44 53.00| 3.11|2011-11-11|1|   4.0| |    |61 Cyg A
0.0011|330.54279| +1.40022|700|J22021+014   |HD 209290              |846     |22 02 10.27|+01 24 00.80| 6.20|2012-08-05|1|  60.0| |    |HD 209290
0.0005|339.65800|+56.79564|711|J22386+567   |V416 Lac               |        |22 38 37.92|+56 47 44.30| 1.09|2012-01-04|1|   2.0| |    |V416 Lac
0.0005|346.75108| +9.40950|729|J23070+094   |55 Peg                 |        |23 07 00.26|+09 24 34.20| 1.58|2011-12-07|1|   1.0| |    |55 Peg
0.0004|355.47912|+44.17800|744|J23419+441   |HH And                 |905     |23 41 54.99|+44 10 40.80| 6.88|2011-11-11|1| 400.0| |    |HH And
