00013375 +2808426
00021839 +2802313
00042994 +2805488
00043643 -4044020
00050868 -1119176
00052423 -3721257
00053375 +2807090
00061615 +2803007
00064325 -0732147
00100772 +2808464
00133005 +2809462
00133005 +2809462
00143615 +2012240
00152799 -1608008
00182256 +4401222
00182549 +4401376
00212774 -6351081
00222152 +2809570
00242463 -0158201
00243142 +2810138
00244419 -2708242
00260048 -1918519
00264281 +2803300
00274197 +0503417
00293732 +1021514
00322970 +6714080
00322979 +6714043
00351901 +2807163
00364644 +4429189
00382096 +1658499
00432451 +2805444
00444681 +2807418
00460588 +2808418
00490516 +5749037
00495176 +2803562
00501646 +6007557
00514100 +2808335
00524886 +1712434
00525468 -2705597
01004911 -1933398
01023213 +7140475
01023895 +6220422
01025100 -3737438
01031971 +6221557
01041281 +2806344
01045368 -1807292
01102281 -6726425
01112542 +1526214
01123052 -1659570
01174991 +2802453
01190828 +2809098
01210469 +2807160
01210469 +2807160
01234505 +2808432
01255935 +2804527
01255941 +2806403
01273917 +2805536
01282067 +0211182
01341235 -1059399
01382523 +2809451
01390120 -1757026
01390120 -1757026
01432015 +0419172
01475909 +2805251
01515850 +2808387
01520960 +3400358
01542115 +2804154
01565051 +2806200
01565316 +0331567
01565369 +0332014
01570838 +2805131
01574885 +2808555
01585574 +2808157
01590822 +2804572
02001278 +1303112
02021620 +1020136
02050492 -1736528
02101576 +5633327
02135359 -3202282
02150802 -3040011
02162977 +1335136
02181650 -2740468
02192935 +2804126
02253687 +2408349
02312087 +2102383
02325397 +2806272
02333717 +2455392
02361535 +0652191
02441537 +2531249
02484100 -1651216
02502995 +1125083
02522628 +0056223
03023492 -0116252
03132299 +0446293
03154786 +2806002
03205965 +1854233
03252794 +2806361
03274493 +2801464
03323808 +0157599
03330797 +3246238
03351519 +2055512
03355969 -4430453
03385493 +2231523
03393521 -3525440
03395284 +2457273
03412257 +2805105
03450944 +2358450
03465342 +2803255
03540135 +2316339
03583657 +2803099
04052868 +2229307
04072048 -2429129
04152173 -0739173
04210601 +1855310
04261992 +0336359
04311147 +5858375
04401450 +1538531
04425581 +1857285
05015746 -0656459
05015881 +0958587
05022845 -2115236
05114046 -4501051
05312734 -0340356
05331913 +4448587
05381265 +7931186
05420897 +1229252
05531404 +2415329
06000351 +0242236
06011106 +5935508
06022261 -2019447
06022918 +4951561
06054579 +4719552
06101978 +8206256
06103462 -2151521
06105481 +1019056
06105481 +1019056
06110330 +6818333
06244132 +2325585
06292339 -0248499
06334337 -7537482
06334690 -7537301
06503851 +2803472
06521804 -0511241
06523790 +2802142
06540419 +6052191
06544902 +3316058
06574663 -4417281
06575703 +6219197
06592868 +1920577
07003749 +2801236
07035565 +5242075
07054224 +2728151
07075327 -4900503
07100180 +3831457
07161977 +2708331
07193126 +3249482
07272450 +0513329
07304280 +4811599
07362513 +0704431
07401922 -1724449
07444018 +0333089
07505951 +2804159
07515465 -0000117
07535284 +0854021
07565395 -4538145
07580939 +2803296
07581269 +4118134
08115757 +0846220
08124088 -2133056
08130849 -1355006
08160798 +0118091
08180808 +2759140
08294949 +2646348
08303256 +0947153
08305161 +3612577
08313744 +1923494
08313759 +1923395
08361828 -1920377
08402975 +1824091
08405923 -2327232
08412013 +5929505
08415108 +2757326
08435845 +0600393
08512039 +1028242
08533619 -0329321
08535631 -2446565
08550761 +0132472
08581519 +1945470
08585633 +0828259
09020533 +2801399
09020690 +0033195
09101329 +2800201
09142298 +5241125
09142485 +5241118
09173071 +7714405
09180100 +2802210
09213783 +2757472
09241618 +3516440
09250700 +2757284
09253485 +1704415
09262380 +2757016
09311936 -1329192
09360161 -2139371
09371492 +2759136
09422253 +4245356
09424635 -6853060
09442986 -4546351
09514769 +4233506
09550749 -0040525
09563290 -1001180
09572417 +2632507
10020345 +4544560
10030220 +2756572
10074361 +1134310
10094679 +3343142
10112218 +4927153
10120466 -0241044
10121768 -0344441
10143199 +4354248
10163470 +2751497
10223691 +3016584
10285555 +0050275
10292182 +2759386
10304210 +2800409
10442131 -6112384
10481258 -1120082
10494561 +3532515
10505201 +0648292
10524255 +2800481
10562886 +0700527
10574823 +2758217
10584326 +2758494
11032027 +3558203
11052903 +4331357
11053133 +4331170
11061897 +0428327
11064853 +3336437
11065691 -1244024
11093138 -2435548
11111586 +2755471
11172463 -0937053
11200526 +6550470
11214924 -1313084
11252337 +2800174
11282966 +2759576
11311306 +6309271
11314395 +2757528
11321119 -2002428
11383614 -3041289
11421096 +2642251
11431977 -5150255
11474143 +7841283
11474440 +0048164
11505787 +4822395
11510737 +3516188
11535267 +0659561
11571691 +2755489
11582644 -4155034
11585679 -2743057
12022256 +2801145
12031515 +2755368
12100559 -1504156
12141654 +0037263
12173029 -2902205
12185939 +1107338
12215248 -1353102
12245222 -1238352
12245243 -1814303
12285759 +0825316
12331738 +0901157
12375231 -5200055
12384914 -3822527
12424647 +2926197
12443158 +2547208
12452649 +2756182
12453699 +2707438
12460944 +2916032
12465176 +3148104
12475664 +0945050
12490273 +6606366
12490913 +2800570
12531240 +4034038
12543696 +2538509
12562284 +2830466
13003350 +0541081
13004666 +1222325
13065963 +3106207
13070434 +2048390
13130939 -4130396
13161674 +2758304
13170713 +2801449
13194569 +4746409
13291170 +0918020
13295979 +1022376
13310146 -4535096
13314666 +2916368
13372875 +3543039
13374279 -2232394
13390268 +2802448
13393256 +2800489
13404429 +5440540
13411167 +3001259
13454354 +1453317
13542183 +2800399
13562062 -2803497
13564432 -1730117
13591045 -1950034
14040968 +0740118
14110782 +2758268
14111760 -0744498
14114490 +2758095
14115998 -4132211
14121102 -0035045
14121215 -0035165
14121380 -3158323
14121420 -3158315
14131134 +2802274
14140322 +2758010
14170294 +3142472
14284323 +3310391
14294291 -6240465
14303787 +5943249
14325988 -1056035
14341683 -1231106
14461841 -0715497
14465233 -5320580
14480337 +1554149
14542900 +1606050
14542923 +1606039
14562776 +1755090
14563831 -2809473
14572643 -2124384
14582453 +2839580
15010818 +2250020
15022130 +2525548
15022131 +2526039
15061859 +2758231
15082576 +0936181
15101685 -0241078
15142053 +2341051
15192689 -0743200
15194308 +2609365
15204767 +3002098
15242475 +2925318
15321302 -4116314
15394668 +2759509
15394676 +2802218
15401619 +2800099
15401924 +2800580
15420677 -1928167
15430239 +2801396
15482366 -1952483
15571239 -6128557
16062804 +2802373
16141068 +2758178
16142073 -0341393
16200321 -3731485
16200353 -3731449
16221402 -5051128
16240913 +4821112
16241313 +2801222
16242628 +2758003
16252459 +5418148
16295074 +2801017
16301808 -1239434
16404524 -4559590
16450635 +3330330
16451143 -0305056
16552527 -0819207
16552880 -0820103
16553529 -0823401
16570570 -0420559
16580884 +2544392
17032384 +5124219
17090547 +1127430
17093153 +4340531
17102828 +2758099
17120780 +4539587
17165862 +4512172
17174408 +1140117
17184769 +2804273
17185868 -3459483
17190292 -4638134
17195298 +2630026
17195422 +2630030
17210372 -4802515
17254521 +0206406
17275631 -3240430
17283991 -4653424
17292004 +2923309
17302272 +0532547
17362594 +6820220
17370367 -4419088
17375330 +1835295
17435595 +4322441
17462507 +2743014
17463427 -5719081
17475851 +2803102
17495948 +2241069
17553340 +5824269
17563637 +5129197
17574849 +0441405
17584996 -5605412
18014977 +2804108
18021166 +2759253
18024637 +2804596
18032675 +2804593
18033455 +2802590
18042023 +2801379
18043783 +2803573
18050755 -0301523
18052601 +2800546
18054596 +2804528
18073292 -1557464
18185725 +6611332
18222719 +6203025
18261976 -6547410
18343664 +4007266
18351833 +4544379
18410977 +2447143
18410981 +2447195
18424666 +5937499
18424688 +5937374
18494929 -2350101
18543027 +3653551
18545365 +1058401
18545381 +1058434
18584804 +2801479
18584807 +2800433
19003660 +2805567
19004675 +2806462
19070556 +2053168
19071320 +2052372
19074283 +3232396
19094768 +2804197
19121455 +0253111
19124678 +2803460
19132895 +2805112
19135666 +2800486
19145895 +0209543
19145901 +0209458
19165526 +0510086
19165762 +0509021
19203346 -0739435
19204795 -4533283
19215188 +2802275
19231517 +0731335
19292346 +2805501
19323790 +0034390
19343982 +0434572
19364545 -1026317
19462386 +3201021
19462414 +3200585
19493338 -6249168
19535443 +4424541
19535508 +4424550
20024703 +0319344
20105242 +7714201
20111207 -3606063
20135335 -4509506
20191693 -5621167
20260528 +5834224
20270816 +2802037
20280982 +2804575
20294834 +0941202
20295946 +2804236
20303207 +6526586
20392378 -2926335
20403364 +1529572
20415111 -3226073
20450403 +4429562
20450949 -3120266
20531977 +6209156
21065341 +3844529
21065473 +3844265
21171534 -3852022
21183174 -4505522
21231041 +6414119
21272613 -4215183
21293671 +1738353
21300862 -4446278
21310650 -0734205
21311859 -0947263
21333397 -4900323
21342228 -4316102
21400162 -4343158
21535901 +4146443
21554787 -1121421
22011310 +2818248
22021026 +0124006
22022935 -3704512
22024035 +0224136
22053575 -1104287
22094029 -0438267
22104999 -1952249
22110521 -1940059
22230696 -1736250
22275958 +5741453
22275958 +5741453
22285440 -1325178
22325677 +5347405
22343310 +2918493
22382773 +2803125
22383372 -1517573
22383791 +5647443
22384530 -2036519
22384559 -2037160
22413146 +2804477
22464980 +4420030
22494591 +2546448
22505986 +2803535
22531672 -1415489
22554453 +2806335
22554532 -7527320
22561921 -1041289
22562466 -6003490
22562598 +4944006
22563497 +1633130
23012385 +2806192
23055131 -3551130
23070026 +0924339
23200703 +1150071
23250245 +2803561
23261238 +0853378
23301341 -2023271
23315208 +1956142
23315244 +1956138
23323841 +2803523
23351050 -0223214
23390571 +2802255
23415498 +4410407
23420275 -0431048
23430628 +3632132
23453127 -1610198
23491255 +0224037
23503508 +2805464
 
