F0Ia      |7341|     |     |  1.40
F1II      |7070| 1.87|     |  2.86
F0II      |7400| 1.50| 0.02|  2.16
F0III     |6950| 2.95|-0.03| 12.56
F2III     |7000| 3.70| 0.30| 10.19
F0IV      |7100| 4.30|     | 22.31
F0Vn      |7200|     |     |  6.90
F2Ib-II   |7090| 1.67|-0.10| -0.07
F1V       |6918|     |-0.24| 23.76
F2-F5Ib   |7350|     |     | -0.15
F2Iab     |6810| 1.93|-0.08|  0.28
F2III-IV  |6870|     |     | 10.32
F2II      |6575| 2.00|-0.33|  4.10
F2V       |6890| 4.13| 0.02| 40.06
F3V       |6880| 4.28| 0.09| 21.27
F4III     |6615| 4.06| 0.03| 27.46
F4V       |6462| 4.50| 0.27| 23.36
F4V       |6545| 4.20| 0.19| 15.80
F5        |6490| 3.57| 0.02|  3.61
F5Ib      |5864| 1.65| 0.07|  3.32
F2III     |6700| 4.00| 0.00|  9.27
F5II-III  |6780| 3.33| 0.26| 20.51
F5IV      |6222| 4.00|-0.27| 35.39
F5V       |6519| 0.06| 3.97| 19.55
F6III     |6180| 3.05|-0.26| 10.68
F6IV      |6288| 3.91| 0.00| 50.87
F7V       |6000| 4.10|-0.28| 61.54
F7.5Ib-IIv|6230| 1.94|-0.10|  1.72
F7IV      |6222| 4.20|-0.09| 46.74
F7V       |6338| 4.29|-0.05| 68.63
F9V       |6146| 4.30| 0.20| 91.74
G0Ia      |5900| 0.10|     | -1.23
F8Ib      |6100|     |     |  1.37
F8IV      |5920| 3.18|-0.26| 18.83
F8IV      |6160| 3.67| 0.02|-12.61
F7V       |6145| 4.23| 0.01| 49.31
F9V       |6280| 4.55| 0.10| 23.27
F9.5V     |6146| 4.52| 0.06|109.23
G0III     |5730| 2.71|-0.35|  8.09
G0V+k1V   |6030| 4.37|-0.04| 66.76
F7V       |6020| 4.48|-0.56| 63.88
G0Ib      |5700| 2.24|-0.17|  2.86
G0V       |6000| 4.50| 0.07|119.46
G1.5V     |5600| 4.00|-0.45| 40.72
G2Iab:    |5250| 1.30|-0.11|  5.40
G5III     |5250| 3.00| 0.00|  2.92
G0IIp     |5478| 2.80|-0.55| 10.74
G1V       |5882| 4.34| 0.01| 71.04
G1.5V     |5898| 4.31|-0.02| 79.09
G2Ib      |5250| 1.10|-0.16| -0.83
G2Ib      |5250| 1.10|-0.05|  3.20
G2.5IIa   |5620| 2.78|-0.14|  3.19
G2II-III  |5450|     |     |  3.41
G2IV      |5600| 3.90|-0.02| 24.15
G2V       |5600| 4.40|-0.02| 58.50
G3Ib-II   |5000|     |     |  0.75
G3II      |5200| 2.25|     |  3.93
G3III     |5300|     |     |  8.39
G5IV      |5641| 4.05| 0.14| 30.71
G4Ia      |6222| 1.50| 0.25| -0.20
G4III     |5200|     |     |  2.55
K0III     |5355| 3.00|     |  7.97
G5Ia      |6750| 0.50|-0.45|  0.18
G4V       |5420|     |-0.22| 30.49
G5Ib      |4850|     |     |  1.28
G5IIIa    |5150|     |     |  7.49
G4pIII    |5013| 2.38|-0.23|  5.85
G5V       |5895| 4.49|-0.06| 57.58
G5V       |5600| 4.00|-0.03|117.30
G6Ib      |4800|     |     |  1.80
G2Ib      |4900| 1.50| 0.00|  1.34
G6.5IIb   |4820| 2.01|-0.22|  3.30
G6III     |5100|     |     |
G7.5IIIa  |4950|     |     |
G7Ia      |4650|     |     |
G8IIa     |5060| 1.91|     |  3.04
G6.3IIIa  |5067| 2.63|-0.04|  8.06
G8III/IV  |5056| 3.04|-0.31| 25.89
G8IV      |5049| 3.08|-0.22| 15.88
G8Ib      |4600|     |     |  0.36
G8IIIa    |5250| 3.25|-0.29| 19.08
G8III     |4800| 2.70|-0.50| 27.94
KIIvw     |4582| 0.90|-2.50|  3.76
G8V       |5538| 4.69| 0.03|104.81
G8V       |5336| 4.47| 0.40| 79.80
K0III     |5663| 2.00|-0.05|  2.34
K0III     |4730| 2.78|-0.25| 11.50
K0.5IIb   |4383| 1.80|-0.22|  4.97
K0.5III   |4750|     |     |
K0Ia      |4420|     |     |  2.11
K0Ib      |4710| 0.60| 0.21|  1.39
K0II      |    |     |     |  2.62
K0III     |4785| 2.67|-0.12| 10.03
K0V       |5300| 4.27| 0.50| 55.11
K1.5III   |4500| 2.01|-0.56| 88.85
K3Iab/Ib  |4500| 0.20| 0.17|  1.43
K1-IIIb   |4600|     |     |  5.86
K1-III    |4600|     |     |  6.98
K1III     |4941| 3.40|-0.20| 22.66
K1IVa     |4800| 3.37|-0.04| 32.13
K1IV      |4862| 3.40| 0.02| 28.31
K1V       |5196| 4.50|-0.20|133.91
K2.5II    |    |     |     |  1.16
K2III     |4420|     |     |  3.56
K2III     |4420|     |     |  4.16
K2III     |4490| 2.74| 0.03| 31.92
K2O-Ia    |    |     |     |  1.19
K2V       |5067| 4.45| 0.10| 57.90
K3.5IIIb  |4000|     |     |  6.65
K3Ia0-Ia  |4500| 0.80| 0.20|  2.16
K3.5III   |3920| 1.67|-0.39|  5.40
K3IIICN+  |4200| 2.15| 0.11|  8.14
K3III     |4200|     |     |  5.59
K3III     |4200|     |     |  3.81
K2        |6427|     |-0.31|
K3Vvar    |4913| 4.51| 0.08|153.24
K4Ib      |3990|     |     |  1.42
K4Ib-II   |3950|     |     |  1.20
K5Ib      |3777|     |     |  2.99
K4V       |4590|     |     | 35.00
K5.5III   |3890| 1.55|-0.23| 13.29
K5Iab     |4000| 0.50|-0.03|  1.74
K5III     |3950|     |     |  1.20
K5V       |4465| 4.61| 0.00| 77.03
K6IIIa    |3900|     |     |  4.96
M1II      |3700|     |     |  0.65
K7III     |3850|     |     |  3.81
K7V       |4120| 4.40|-0.63|285.50
K7V       |4070| 4.70|-0.18| 91.00
M0.5Ib    |3600|     |     |  1.93
M0.5V     |3800|     |     | 96.98
M0IIIb    |3800|     |     |  3.81
M0V       |3850|     |     | 67.69
M10+III   |3240|     |     |
M1.5Ia0-Ia|4000| 0.70|-0.24|  1.06
M1.5Ib    |3500|     |     |
M1V       |3742| 4.71| 0.21|175.72
M1-Iab-Ib |3550|     |     |  0.06
M1Ia      |3550|     |     |
M1III     |3773|     |     |  7.37
M1Iab     |3540| 0.00| 0.00|  7.63
M1V       |3720|     |     |173.19
M2III     |3730| 0.90| 0.27|  4.98
M2.5V     |3500|     |     | 81.23
M2.5V     |3500|     |     |159.52
M2-Ia     |3450|     |     |  0.62
M2Ib      |3450|     |     |  0.24
M2II      |3620|     |     |  3.38
M2III     |3729|     |     |  5.13
M2V       |3580|     |     | 80.01
M2V       |3620| 4.90|-0.20|392.50
M3.5Iab   |3090|     |     |
M3.5III   |3580|     |     |  4.28
M3.5V     |3420|     |     |
M3Iab-Ia  |3550|     |     | -0.53
M3IIb     |    |     |     |  3.88
M3III     |3530|     |     |  5.62
M3-M4Iab  |3200|     |     |
M3toM4Ia  |3200|     |     |  1.28
M3V       |3470|     |     |
M4.5IIIa  |3380|     |     |  5.41
M4.5V     |3300|     |     |157.24
M4II      |3500| 0.80|-0.15| 10.03
M4+III    |3430|     |     |  7.59
M4-III    |3430|     |     |  1.76
M4IIIa    |3522|     |     |  5.55
M4V       |3370|     |     |172.78
M4V       |3370|     |     |143.00
M5.5III   |3300| 1.00|     | 10.03
M5e-M9eIII|3330|     |     |  7.79
M5Ib-II   |2800|     |     |  8.53
M5III     |3420| 0.50| 0.14|  9.33
M5V       |3240|     |     | 95.50
M6        |2747| 5.09|     |300.00
M6.5V     |2990|     |     |275.80
M6e-M9eIII|3240|     |     | -0.27
M6III     |3250| 0.30|     |  8.08
M6III     |3243|     |     |  9.16
M6V       |3050|     |     |
M7-8III   |3200|     |     |
M7III:    |2944|     |     |  5.68
M8IIIv    |2750|     |     |  7.39
M7-M7Iab  |2600|     |     |
M7V       |2940|     |     |154.50
M8        |    |     |     |
M8        |    |     |     |
M8        |    |     |     |
M8III     |3200|     |     |
M8V       |2640|     |     |164.30
M8V       |2640|     |     | 68.90
M9.5V     |2600|     |     | 86.60
M9III     |3000|     |     |
M9III     |3000|     |     |
M9V       |2600|     |     |
M9V       |2600|     |     |117.30
M9V       |2600|     |     |103.80
M9V       |2600|     |     |201.20
C7        |    |     |     |  3.99
C         |    |     |     |  1.19
C         |    |     |     |  1.83
C         |    |     |     |  6.18
C         |    |     |     |  0.90
C         |    |     |     |  2.51
C         |    |     |     |
C         |    |     |     | -0.68
M6.5S     |    |     |     |  3.22
S2.5Z     |    |     |     |
S4.5      |3500| 0.50|-0.34|  3.01
S5-S6     |    |     |     |
SC5.5     |    |     |     |  0.30
L0.5      |    |     |     | 81.90
L1        |    |     |     | 10.67
L1        |    |     |     | 69.60
L2        |    |     |     | 53.60
L3        |    |     |     | 36.80
L3        |    |     |     | 70.92
L3.5      |    |     |     |114.20
L4.5      |    |     |     | 88.10
L5        |    |     |     |
L5        |    |     |     |
L6        |    |     |     | 95.24
L7.5      |    |     |     | 93.80
L8        |    |     |     |201.40
T2        |    |     |     | 84.90
T4.5      |    |     |     | 97.70

