00 01 33.75 +28 08 42.6
00 02 18.39 +28 02 31.3
00 04 29.94 +28 05 48.8
00 04 36.43 -40 44 02.0
00 05 08.68 -11 19 17.6
00 05 24.23 -37 21 25.7
00 05 33.75 +28 07 09.0
00 06 16.15 +28 03 00.7
00 06 43.25 -07 32 14.7
00 10 07.72 +28 08 46.4
00 13 30.05 +28 09 46.2
00 13 30.05 +28 09 46.2
00 14 36.15 +20 12 24.0
00 15 27.99 -16 08 00.8
00 18 22.56 +44 01 22.2
00 18 25.49 +44 01 37.6
00 21 27.74 -63 51 08.1
00 22 21.52 +28 09 57.0
00 24 24.63 -01 58 20.1
00 24 31.42 +28 10 13.8
00 24 44.19 -27 08 24.2
00 26 00.48 -19 18 51.9
00 26 42.81 +28 03 30.0
00 27 41.97 +05 03 41.7
00 29 37.32 +10 21 51.4
00 32 29.70 +67 14 08.0
00 32 29.79 +67 14 04.3
00 35 19.01 +28 07 16.3
00 36 46.44 +44 29 18.9
00 38 20.96 +16 58 49.9
00 43 24.51 +28 05 44.4
00 44 46.81 +28 07 41.8
00 46 05.88 +28 08 41.8
00 49 05.16 +57 49 03.7
00 49 51.76 +28 03 56.2
00 50 16.46 +60 07 55.7
00 51 41.00 +28 08 33.5
00 52 48.86 +17 12 43.4
00 52 54.68 -27 05 59.7
01 00 49.11 -19 33 39.8
01 02 32.13 +71 40 47.5
01 02 38.95 +62 20 42.2
01 02 51.00 -37 37 43.8
01 03 19.71 +62 21 55.7
01 04 12.81 +28 06 34.4
01 04 53.68 -18 07 29.2
01 10 22.81 -67 26 42.5
01 11 25.42 +15 26 21.4
01 12 30.52 -16 59 57.0
01 17 49.91 +28 02 45.3
01 19 08.28 +28 09 09.8
01 21 04.69 +28 07 16.0
01 21 04.69 +28 07 16.0
01 23 45.05 +28 08 43.2
01 25 59.35 +28 04 52.7
01 25 59.41 +28 06 40.3
01 27 39.17 +28 05 53.6
01 28 20.67 +02 11 18.2
01 34 12.35 -10 59 39.9
01 38 25.23 +28 09 45.1
01 39 01.20 -17 57 02.6
01 39 01.20 -17 57 02.6
01 43 20.15 +04 19 17.2
01 47 59.09 +28 05 25.1
01 51 58.50 +28 08 38.7
01 52 09.60 +34 00 35.8
01 54 21.15 +28 04 15.4
01 56 50.51 +28 06 20.0
01 56 53.16 +03 31 56.7
01 56 53.69 +03 32 01.4
01 57 08.38 +28 05 13.1
01 57 48.85 +28 08 55.5
01 58 55.74 +28 08 15.7
01 59 08.22 +28 04 57.2
02 00 12.78 +13 03 11.2
02 02 16.20 +10 20 13.6
02 05 04.92 -17 36 52.8
02 10 15.76 +56 33 32.7
02 13 53.59 -32 02 28.2
02 15 08.02 -30 40 01.1
02 16 29.77 +13 35 13.6
02 18 16.50 -27 40 46.8
02 19 29.35 +28 04 12.6
02 25 36.87 +24 08 34.9
02 31 20.87 +21 02 38.3
02 32 53.97 +28 06 27.2
02 33 37.17 +24 55 39.2
02 36 15.35 +06 52 19.1
02 44 15.37 +25 31 24.9
02 48 41.00 -16 51 21.6
02 50 29.95 +11 25 08.3
02 52 26.28 +00 56 22.3
03 02 34.92 -01 16 25.2
03 13 22.99 +04 46 29.3
03 15 47.86 +28 06 00.2
03 20 59.65 +18 54 23.3
03 25 27.94 +28 06 36.1
03 27 44.93 +28 01 46.4
03 32 38.08 +01 57 59.9
03 33 07.97 +32 46 23.8
03 35 15.19 +20 55 51.2
03 35 59.69 -44 30 45.3
03 38 54.93 +22 31 52.3
03 39 35.21 -35 25 44.0
03 39 52.84 +24 57 27.3
03 41 22.57 +28 05 10.5
03 45 09.44 +23 58 45.0
03 46 53.42 +28 03 25.5
03 54 01.35 +23 16 33.9
03 58 36.57 +28 03 09.9
04 05 28.68 +22 29 30.7
04 07 20.48 -24 29 12.9
04 15 21.73 -07 39 17.3
04 21 06.01 +18 55 31.0
04 26 19.92 +03 36 35.9
04 31 11.47 +58 58 37.5
04 40 14.50 +15 38 53.1
04 42 55.81 +18 57 28.5
05 01 57.46 -06 56 45.9
05 01 58.81 +09 58 58.7
05 02 28.45 -21 15 23.6
05 11 40.46 -45 01 05.1
05 31 27.34 -03 40 35.6
05 33 19.13 +44 48 58.7
05 38 12.65 +79 31 18.6
05 42 08.97 +12 29 25.2
05 53 14.04 +24 15 32.9
06 00 03.51 +02 42 23.6
06 01 11.06 +59 35 50.8
06 02 22.61 -20 19 44.7
06 02 29.18 +49 51 56.1
06 05 45.79 +47 19 55.2
06 10 19.78 +82 06 25.6
06 10 34.62 -21 51 52.1
06 10 54.81 +10 19 05.6
06 10 54.81 +10 19 05.6
06 11 03.30 +68 18 33.3
06 24 41.32 +23 25 58.5
06 29 23.39 -02 48 49.9
06 33 43.37 -75 37 48.2
06 33 46.90 -75 37 30.1
06 50 38.51 +28 03 47.2
06 52 18.04 -05 11 24.1
06 52 37.90 +28 02 14.2
06 54 04.19 +60 52 19.1
06 54 49.02 +33 16 05.8
06 57 46.63 -44 17 28.1
06 57 57.03 +62 19 19.7
06 59 28.68 +19 20 57.7
07 00 37.49 +28 01 23.6
07 03 55.65 +52 42 07.5
07 05 42.24 +27 28 15.1
07 07 53.27 -49 00 50.3
07 10 01.80 +38 31 45.7
07 16 19.77 +27 08 33.1
07 19 31.26 +32 49 48.2
07 27 24.50 +05 13 32.9
07 30 42.80 +48 11 59.9
07 36 25.13 +07 04 43.1
07 40 19.22 -17 24 44.9
07 44 40.18 +03 33 08.9
07 50 59.51 +28 04 15.9
07 51 54.65 -00 00 11.7
07 53 52.84 +08 54 02.1
07 56 53.95 -45 38 14.5
07 58 09.39 +28 03 29.6
07 58 12.69 +41 18 13.4
08 11 57.57 +08 46 22.0
08 12 40.88 -21 33 05.6
08 13 08.49 -13 55 00.6
08 16 07.98 +01 18 09.1
08 18 08.08 +27 59 14.0
08 29 49.49 +26 46 34.8
08 30 32.56 +09 47 15.3
08 30 51.61 +36 12 57.7
08 31 37.44 +19 23 49.4
08 31 37.59 +19 23 39.5
08 36 18.28 -19 20 37.7
08 40 29.75 +18 24 09.1
08 40 59.23 -23 27 23.2
08 41 20.13 +59 29 50.5
08 41 51.08 +27 57 32.6
08 43 58.45 +06 00 39.3
08 51 20.39 +10 28 24.2
08 53 36.19 -03 29 32.1
08 53 56.31 -24 46 56.5
08 55 07.61 +01 32 47.2
08 58 15.19 +19 45 47.0
08 58 56.33 +08 28 25.9
09 02 05.33 +28 01 39.9
09 02 06.90 +00 33 19.5
09 10 13.29 +28 00 20.1
09 14 22.98 +52 41 12.5
09 14 24.85 +52 41 11.8
09 17 30.71 +77 14 40.5
09 18 01.00 +28 02 21.0
09 21 37.83 +27 57 47.2
09 24 16.18 +35 16 44.0
09 25 07.00 +27 57 28.4
09 25 34.85 +17 04 41.5
09 26 23.80 +27 57 01.6
09 31 19.36 -13 29 19.2
09 36 01.61 -21 39 37.1
09 37 14.92 +27 59 13.6
09 42 22.53 +42 45 35.6
09 42 46.35 -68 53 06.0
09 44 29.86 -45 46 35.1
09 51 47.69 +42 33 50.6
09 55 07.49 -00 40 52.5
09 56 32.90 -10 01 18.0
09 57 24.17 +26 32 50.7
10 02 03.45 +45 44 56.0
10 03 02.20 +27 56 57.2
10 07 43.61 +11 34 31.0
10 09 46.79 +33 43 14.2
10 11 22.18 +49 27 15.3
10 12 04.66 -02 41 04.4
10 12 17.68 -03 44 44.1
10 14 31.99 +43 54 24.8
10 16 34.70 +27 51 49.7
10 22 36.91 +30 16 58.4
10 28 55.55 +00 50 27.5
10 29 21.82 +27 59 38.6
10 30 42.10 +28 00 40.9
10 44 21.31 -61 12 38.4
10 48 12.58 -11 20 08.2
10 49 45.61 +35 32 51.5
10 50 52.01 +06 48 29.2
10 52 42.55 +28 00 48.1
10 56 28.86 +07 00 52.7
10 57 48.23 +27 58 21.7
10 58 43.26 +27 58 49.4
11 03 20.27 +35 58 20.3
11 05 29.03 +43 31 35.7
11 05 31.33 +43 31 17.0
11 06 18.97 +04 28 32.7
11 06 48.53 +33 36 43.7
11 06 56.91 -12 44 02.4
11 09 31.38 -24 35 54.8
11 11 15.86 +27 55 47.1
11 17 24.63 -09 37 05.3
11 20 05.26 +65 50 47.0
11 21 49.24 -13 13 08.4
11 25 23.37 +28 00 17.4
11 28 29.66 +27 59 57.6
11 31 13.06 +63 09 27.1
11 31 43.95 +27 57 52.8
11 32 11.19 -20 02 42.8
11 38 36.14 -30 41 28.9
11 42 10.96 +26 42 25.1
11 43 19.77 -51 50 25.5
11 47 41.43 +78 41 28.3
11 47 44.40 +00 48 16.4
11 50 57.87 +48 22 39.5
11 51 07.37 +35 16 18.8
11 53 52.67 +06 59 56.1
11 57 16.91 +27 55 48.9
11 58 26.44 -41 55 03.4
11 58 56.79 -27 43 05.7
12 02 22.56 +28 01 14.5
12 03 15.15 +27 55 36.8
12 10 05.59 -15 04 15.6
12 14 16.54 +00 37 26.3
12 17 30.29 -29 02 20.5
12 18 59.39 +11 07 33.8
12 21 52.48 -13 53 10.2
12 24 52.22 -12 38 35.2
12 24 52.43 -18 14 30.3
12 28 57.59 +08 25 31.6
12 33 17.38 +09 01 15.7
12 37 52.31 -52 00 05.5
12 38 49.14 -38 22 52.7
12 42 46.47 +29 26 19.7
12 44 31.58 +25 47 20.8
12 45 26.49 +27 56 18.2
12 45 36.99 +27 07 43.8
12 46 09.44 +29 16 03.2
12 46 51.76 +31 48 10.4
12 47 56.64 +09 45 05.0
12 49 02.73 +66 06 36.6
12 49 09.13 +28 00 57.0
12 53 12.40 +40 34 03.8
12 54 36.96 +25 38 50.9
12 56 22.84 +28 30 46.6
13 00 33.50 +05 41 08.1
13 00 46.66 +12 22 32.5
13 06 59.63 +31 06 20.7
13 07 04.34 +20 48 39.0
13 13 09.39 -41 30 39.6
13 16 16.74 +27 58 30.4
13 17 07.13 +28 01 44.9
13 19 45.69 +47 46 40.9
13 29 11.70 +09 18 02.0
13 29 59.79 +10 22 37.6
13 31 01.46 -45 35 09.6
13 31 46.66 +29 16 36.8
13 37 28.75 +35 43 03.9
13 37 42.79 -22 32 39.4
13 39 02.68 +28 02 44.8
13 39 32.56 +28 00 48.9
13 40 44.29 +54 40 54.0
13 41 11.67 +30 01 25.9
13 45 43.54 +14 53 31.7
13 54 21.83 +28 00 39.9
13 56 20.62 -28 03 49.7
13 56 44.32 -17 30 11.7
13 59 10.45 -19 50 03.4
14 04 09.68 +07 40 11.8
14 11 07.82 +27 58 26.8
14 11 17.60 -07 44 49.8
14 11 44.90 +27 58 09.5
14 11 59.98 -41 32 21.1
14 12 11.02 -00 35 04.5
14 12 12.15 -00 35 16.5
14 12 13.80 -31 58 32.3
14 12 14.20 -31 58 31.5
14 13 11.34 +28 02 27.4
14 14 03.22 +27 58 01.0
14 17 02.94 +31 42 47.2
14 28 43.23 +33 10 39.1
14 29 42.91 -62 40 46.5
14 30 37.87 +59 43 24.9
14 32 59.88 -10 56 03.5
14 34 16.83 -12 31 10.6
14 46 18.41 -07 15 49.7
14 46 52.33 -53 20 58.0
14 48 03.37 +15 54 14.9
14 54 29.00 +16 06 05.0
14 54 29.23 +16 06 03.9
14 56 27.76 +17 55 09.0
14 56 38.31 -28 09 47.3
14 57 26.43 -21 24 38.4
14 58 24.53 +28 39 58.0
15 01 08.18 +22 50 02.0
15 02 21.30 +25 25 54.8
15 02 21.31 +25 26 03.9
15 06 18.59 +27 58 23.1
15 08 25.76 +09 36 18.1
15 10 16.85 -02 41 07.8
15 14 20.53 +23 41 05.1
15 19 26.89 -07 43 20.0
15 19 43.08 +26 09 36.5
15 20 47.67 +30 02 09.8
15 24 24.75 +29 25 31.8
15 32 13.02 -41 16 31.4
15 39 46.68 +27 59 50.9
15 39 46.76 +28 02 21.8
15 40 16.19 +28 00 09.9
15 40 19.24 +28 00 58.0
15 42 06.77 -19 28 16.7
15 43 02.39 +28 01 39.6
15 48 23.66 -19 52 48.3
15 57 12.39 -61 28 55.7
16 06 28.04 +28 02 37.3
16 14 10.68 +27 58 17.8
16 14 20.73 -03 41 39.3
16 20 03.21 -37 31 48.5
16 20 03.53 -37 31 44.9
16 22 14.02 -50 51 12.8
16 24 09.13 +48 21 11.2
16 24 13.13 +28 01 22.2
16 24 26.28 +27 58 00.3
16 25 24.59 +54 18 14.8
16 29 50.74 +28 01 01.7
16 30 18.08 -12 39 43.4
16 40 45.24 -45 59 59.0
16 45 06.35 +33 30 33.0
16 45 11.43 -03 05 05.6
16 55 25.27 -08 19 20.7
16 55 28.80 -08 20 10.3
16 55 35.29 -08 23 40.1
16 57 05.70 -04 20 55.9
16 58 08.84 +25 44 39.2
17 03 23.84 +51 24 21.9
17 09 05.47 +11 27 43.0
17 09 31.53 +43 40 53.1
17 10 28.28 +27 58 09.9
17 12 07.80 +45 39 58.7
17 16 58.62 +45 12 17.2
17 17 44.08 +11 40 11.7
17 18 47.69 +28 04 27.3
17 18 58.68 -34 59 48.3
17 19 02.92 -46 38 13.4
17 19 52.98 +26 30 02.6
17 19 54.22 +26 30 03.0
17 21 03.72 -48 02 51.5
17 25 45.21 +02 06 40.6
17 27 56.31 -32 40 43.0
17 28 39.91 -46 53 42.4
17 29 20.04 +29 23 30.9
17 30 22.72 +05 32 54.7
17 36 25.94 +68 20 22.0
17 37 03.67 -44 19 08.8
17 37 53.30 +18 35 29.5
17 43 55.95 +43 22 44.1
17 46 25.07 +27 43 01.4
17 46 34.27 -57 19 08.1
17 47 58.51 +28 03 10.2
17 49 59.48 +22 41 06.9
17 55 33.40 +58 24 26.9
17 56 36.37 +51 29 19.7
17 57 48.49 +04 41 40.5
17 58 49.96 -56 05 41.2
18 01 49.77 +28 04 10.8
18 02 11.66 +27 59 25.3
18 02 46.37 +28 04 59.6
18 03 26.75 +28 04 59.3
18 03 34.55 +28 02 59.0
18 04 20.23 +28 01 37.9
18 04 37.83 +28 03 57.3
18 05 07.55 -03 01 52.3
18 05 26.01 +28 00 54.6
18 05 45.96 +28 04 52.8
18 07 32.92 -15 57 46.4
18 18 57.25 +66 11 33.2
18 22 27.19 +62 03 02.5
18 26 19.76 -65 47 41.0
18 34 36.64 +40 07 26.6
18 35 18.33 +45 44 37.9
18 41 09.77 +24 47 14.3
18 41 09.81 +24 47 19.5
18 42 46.66 +59 37 49.9
18 42 46.88 +59 37 37.4
18 49 49.29 -23 50 10.1
18 54 30.27 +36 53 55.1
18 54 53.65 +10 58 40.1
18 54 53.81 +10 58 43.4
18 58 48.04 +28 01 47.9
18 58 48.07 +28 00 43.3
19 00 36.60 +28 05 56.7
19 00 46.75 +28 06 46.2
19 07 05.56 +20 53 16.8
19 07 13.20 +20 52 37.2
19 07 42.83 +32 32 39.6
19 09 47.68 +28 04 19.7
19 12 14.55 +02 53 11.1
19 12 46.78 +28 03 46.0
19 13 28.95 +28 05 11.2
19 13 56.66 +28 00 48.6
19 14 58.95 +02 09 54.3
19 14 59.01 +02 09 45.8
19 16 55.26 +05 10 08.6
19 16 57.62 +05 09 02.1
19 20 33.46 -07 39 43.5
19 20 47.95 -45 33 28.3
19 21 51.88 +28 02 27.5
19 23 15.17 +07 31 33.5
19 29 23.46 +28 05 50.1
19 32 37.90 +00 34 39.0
19 34 39.82 +04 34 57.2
19 36 45.45 -10 26 31.7
19 46 23.86 +32 01 02.1
19 46 24.14 +32 00 58.5
19 49 33.38 -62 49 16.8
19 53 54.43 +44 24 54.1
19 53 55.08 +44 24 55.0
20 02 47.03 +03 19 34.4
20 10 52.42 +77 14 20.1
20 11 12.07 -36 06 06.3
20 13 53.35 -45 09 50.6
20 19 16.93 -56 21 16.7
20 26 05.28 +58 34 22.4
20 27 08.16 +28 02 03.7
20 28 09.82 +28 04 57.5
20 29 48.34 +09 41 20.2
20 29 59.46 +28 04 23.6
20 30 32.07 +65 26 58.6
20 39 23.78 -29 26 33.5
20 40 33.64 +15 29 57.2
20 41 51.11 -32 26 07.3
20 45 04.03 +44 29 56.2
20 45 09.49 -31 20 26.6
20 53 19.77 +62 09 15.6
21 06 53.41 +38 44 52.9
21 06 54.73 +38 44 26.5
21 17 15.34 -38 52 02.2
21 18 31.74 -45 05 52.2
21 23 10.41 +64 14 11.9
21 27 26.13 -42 15 18.3
21 29 36.71 +17 38 35.3
21 30 08.62 -44 46 27.8
21 31 06.50 -07 34 20.5
21 31 18.59 -09 47 26.3
21 33 33.97 -49 00 32.3
21 34 22.28 -43 16 10.2
21 40 01.62 -43 43 15.8
21 53 59.01 +41 46 44.3
21 55 47.87 -11 21 42.1
22 01 13.10 +28 18 24.8
22 02 10.26 +01 24 00.6
22 02 29.35 -37 04 51.2
22 02 40.35 +02 24 13.6
22 05 35.75 -11 04 28.7
22 09 40.29 -04 38 26.7
22 10 49.99 -19 52 24.9
22 11 05.21 -19 40 05.9
22 23 06.96 -17 36 25.0
22 27 59.58 +57 41 45.3
22 27 59.58 +57 41 45.3
22 28 54.40 -13 25 17.8
22 32 56.77 +53 47 40.5
22 34 33.10 +29 18 49.3
22 38 27.73 +28 03 12.5
22 38 33.72 -15 17 57.3
22 38 37.91 +56 47 44.3
22 38 45.30 -20 36 51.9
22 38 45.59 -20 37 16.0
22 41 31.46 +28 04 47.7
22 46 49.80 +44 20 03.0
22 49 45.91 +25 46 44.8
22 50 59.86 +28 03 53.5
22 53 16.72 -14 15 48.9
22 55 44.53 +28 06 33.5
22 55 45.32 -75 27 32.0
22 56 19.21 -10 41 28.9
22 56 24.66 -60 03 49.0
22 56 25.98 +49 44 00.6
22 56 34.97 +16 33 13.0
23 01 23.85 +28 06 19.2
23 05 51.31 -35 51 13.0
23 07 00.26 +09 24 33.9
23 20 07.03 +11 50 07.1
23 25 02.45 +28 03 56.1
23 26 12.38 +08 53 37.8
23 30 13.41 -20 23 27.1
23 31 52.08 +19 56 14.2
23 31 52.44 +19 56 13.8
23 32 38.41 +28 03 52.3
23 35 10.50 -02 23 21.4
23 39 05.71 +28 02 25.5
23 41 54.98 +44 10 40.7
23 42 02.75 -04 31 04.8
23 43 06.28 +36 32 13.2
23 45 31.27 -16 10 19.8
23 49 12.55 +02 24 03.7
23 50 35.08 +28 05 46.4
 
